proj:       99
zone:       0
north:      323380.12411493
south:      9780.12411493
east:       934934.46411531
west:       122934.46411531
cols:       145
rows:       56
e-w resol:  5600
n-s resol:  5600
top:        0.500000000000000
bottom:     -0.500000000000000
cols3:      145
rows3:      56
depths:     1
e-w resol3: 5600
n-s resol3: 5600
t-b resol:  1
