NAME	= Relative Slope Position
DESCRIPTION	= 
UNIT	= 
DATAFORMAT	= FLOAT
DATAFILE_OFFSET	= 0
BYTEORDER_BIG	= FALSE
TOPTOBOTTOM	= FALSE
POSITION_XMIN	= -739123.0000000000
POSITION_YMIN	= -957843.0000000000
CELLCOUNT_X	= 2140
CELLCOUNT_Y	= 1521
CELLSIZE	= 5.0000000000
Z_FACTOR	= 1.000000
Z_OFFSET	= 0.000000
NODATA_VALUE	= -99999.000000
